# OBJ created with rayvertex
v -0.436210 -0.388889 0.178220
v -0.463370 -0.388889 0.088160
v -0.477180 -0.444445 0.090790
v -0.449180 -0.444445 0.183530
v -0.471920 -0.388889 0.000000
v -0.485950 -0.444445 0.000000
v -0.410190 -0.277778 0.167620
v -0.443760 -0.277778 0.000000
v -0.384180 -0.166667 0.156970
v -0.415690 -0.166667 0.000000
v -0.358240 -0.055556 0.146370
v -0.387540 -0.055556 0.000000
v -0.332220 0.055555 0.135770
v -0.359380 0.055555 0.000000
v -0.306210 0.166667 0.125120
v -0.331310 0.166667 0.000000
v -0.280270 0.277778 0.114520
v -0.303150 0.277778 0.000000
v -0.270120 0.388889 0.051380
v -0.275080 0.388889 0.000000
v -0.254250 0.388889 0.103870
v -0.243420 0.472222 0.071750
v -0.249370 0.472222 0.047450
v -0.256310 0.444444 0.048750
v -0.250130 0.444444 0.073740
v -0.234720 0.472222 0.095900
v -0.241280 0.444444 0.098570
v -0.252880 0.472222 0.023420
v -0.253940 0.472222 0.000000
v -0.260960 0.444444 0.000000
v -0.259900 0.444444 0.024070
v -0.310020 -0.277778 0.314290
v -0.329630 -0.388889 0.334210
v -0.290410 -0.166667 0.294380
v -0.270730 -0.055556 0.274470
v -0.251120 0.055555 0.254550
v -0.231440 0.166667 0.234640
v -0.211830 0.277778 0.214730
v -0.228160 0.388889 0.152020
v -0.192150 0.388889 0.194820
v -0.216480 0.444444 0.144270
v -0.182300 0.444444 0.184860
v -0.171170 -0.388889 0.435300
v -0.254710 -0.388889 0.393220
v -0.262340 -0.444445 0.404930
v -0.176280 -0.444445 0.448270
v -0.339470 -0.444445 0.344200
v -0.161020 -0.277778 0.409360
v -0.150790 -0.166667 0.383420
v -0.140570 -0.055556 0.357480
v -0.130350 0.055555 0.331540
v -0.120200 0.166667 0.305600
v -0.109980 0.277778 0.279660
v -0.148510 0.388889 0.229190
v -0.099750 0.388889 0.253720
v -0.158040 0.472222 0.196800
v -0.177420 0.472222 0.179860
v -0.162390 0.444444 0.202260
v -0.137060 0.472222 0.211640
v -0.140880 0.444444 0.217480
v -0.094720 0.444444 0.240750
v -0.000040 -0.388889 0.467110
v -0.084570 -0.388889 0.459560
v -0.087090 -0.444445 0.473250
v -0.000040 -0.444445 0.481030
v -0.000040 -0.277778 0.439300
v -0.000040 -0.166667 0.411450
v -0.000040 -0.055556 0.383610
v -0.000040 0.055555 0.355760
v -0.000040 0.166667 0.327950
v -0.000040 0.277778 0.300100
v -0.049320 0.388889 0.267870
v -0.000040 0.388889 0.272250
v -0.022470 0.472222 0.250400
v -0.045510 0.472222 0.247310
v -0.046810 0.444444 0.254170
v -0.023080 0.444444 0.257340
v -0.000040 0.472222 0.251390
v -0.000040 0.444444 0.258370
v -0.068860 0.472222 0.241970
v -0.092120 0.472222 0.234260
v -0.070760 0.444444 0.248680
v 0.178490 -0.388889 0.432400
v 0.088310 -0.388889 0.458870
v 0.090900 -0.444445 0.472530
v 0.183830 -0.444445 0.445290
v 0.167880 -0.277778 0.406650
v 0.157200 -0.166667 0.380860
v 0.146600 -0.055556 0.355110
v 0.135920 0.055555 0.329320
v 0.125310 0.166667 0.303570
v 0.114710 0.277778 0.277820
v 0.051460 0.388889 0.267450
v 0.104030 0.388889 0.252040
v 0.071830 0.472222 0.241130
v 0.047490 0.472222 0.246960
v 0.048790 0.444444 0.253790
v 0.073810 0.444444 0.247800
v 0.096090 0.472222 0.232700
v 0.098690 0.444444 0.239140
v 0.316580 -0.277778 0.307850
v 0.336650 -0.388889 0.327340
v 0.296520 -0.166667 0.288350
v 0.276450 -0.055556 0.268820
v 0.256390 0.055555 0.249330
v 0.236320 0.166667 0.229840
v 0.216260 0.277778 0.210300
v 0.152780 0.388889 0.226360
v 0.196190 0.388889 0.190810
v 0.145000 0.444444 0.214810
v 0.186200 0.444444 0.181050
v 0.439490 -0.388889 0.170100
v 0.396610 -0.388889 0.253030
v 0.408440 -0.444445 0.260580
v 0.452540 -0.444445 0.175170
v 0.346640 -0.444445 0.337100
v 0.413320 -0.277778 0.159950
v 0.387080 -0.166667 0.149800
v 0.360910 -0.055556 0.139690
v 0.334740 0.055555 0.129550
v 0.308570 0.166667 0.119400
v 0.282330 0.277778 0.109290
v 0.231210 0.388889 0.147480
v 0.256160 0.388889 0.099140
v 0.198400 0.472222 0.156940
v 0.181160 0.472222 0.176160
v 0.203900 0.444444 0.161290
v 0.213510 0.472222 0.136180
v 0.219380 0.444444 0.139960
v 0.243030 0.444444 0.094070
v 0.471840 -0.388889 0.000000
v 0.464130 -0.388889 0.084080
v 0.478020 -0.444445 0.086560
v 0.485950 -0.444445 0.000000
v 0.443760 -0.277778 0.000000
v 0.415610 -0.166667 0.000000
v 0.387540 -0.055556 0.000000
v 0.359380 0.055555 0.000000
v 0.331310 0.166667 0.000000
v 0.303150 0.277778 0.000000
v 0.270580 0.388889 0.048980
v 0.275080 0.388889 0.000000
v 0.252950 0.472222 0.022350
v 0.249820 0.472222 0.045240
v 0.256690 0.444444 0.046500
v 0.259970 0.444444 0.022960
v 0.253940 0.472222 0.000000
v 0.260960 0.444444 0.000000
v 0.244410 0.472222 0.068440
v 0.236550 0.472222 0.091550
v 0.251120 0.444444 0.070300
v 0.436210 -0.388889 -0.178220
v 0.463370 -0.388889 -0.088160
v 0.477180 -0.444445 -0.090790
v 0.449180 -0.444445 -0.183560
v 0.410190 -0.277778 -0.167620
v 0.384180 -0.166667 -0.156970
v 0.358240 -0.055556 -0.146370
v 0.332220 0.055555 -0.135770
v 0.306210 0.166667 -0.125120
v 0.280270 0.277778 -0.114520
v 0.270120 0.388889 -0.051380
v 0.254250 0.388889 -0.103870
v 0.243420 0.472222 -0.071750
v 0.249370 0.472222 -0.047450
v 0.256310 0.444444 -0.048750
v 0.250130 0.444444 -0.073740
v 0.234720 0.472222 -0.095940
v 0.241200 0.444444 -0.098570
v 0.310020 -0.277778 -0.314330
v 0.329630 -0.388889 -0.334240
v 0.290340 -0.166667 -0.294380
v 0.270730 -0.055556 -0.274470
v 0.251050 0.055555 -0.254550
v 0.231440 0.166667 -0.234640
v 0.211750 0.277778 -0.214730
v 0.228160 0.388889 -0.152020
v 0.192150 0.388889 -0.194820
v 0.216480 0.444444 -0.144270
v 0.182300 0.444444 -0.184860
v 0.171170 -0.388889 -0.435300
v 0.254710 -0.388889 -0.393220
v 0.262260 -0.444445 -0.404930
v 0.176280 -0.444445 -0.448270
v 0.339470 -0.444445 -0.344200
v 0.160940 -0.277778 -0.409360
v 0.150790 -0.166667 -0.383420
v 0.140570 -0.055556 -0.357480
v 0.130350 0.055555 -0.331540
v 0.120200 0.166667 -0.305600
v 0.109980 0.277778 -0.279660
v 0.148430 0.388889 -0.229230
v 0.099750 0.388889 -0.253720
v 0.157970 0.472222 -0.196800
v 0.177420 0.472222 -0.179860
v 0.162390 0.444444 -0.202260
v 0.137060 0.472222 -0.211640
v 0.140880 0.444444 -0.217480
v 0.094640 0.444444 -0.240750
v -0.000040 -0.388889 -0.467110
v 0.084570 -0.388889 -0.459560
v 0.087090 -0.444445 -0.473250
v -0.000040 -0.444445 -0.481030
v -0.000040 -0.277778 -0.439300
v -0.000040 -0.166667 -0.411450
v -0.000040 -0.055556 -0.383610
v -0.000040 0.055555 -0.355800
v -0.000040 0.166667 -0.327950
v -0.000040 0.277778 -0.300100
v 0.049320 0.388889 -0.267870
v -0.000040 0.388889 -0.272290
v 0.022470 0.472222 -0.250400
v 0.045510 0.472222 -0.247340
v 0.046810 0.444444 -0.254170
v 0.023080 0.444444 -0.257340
v -0.000040 0.472222 -0.251390
v -0.000040 0.444444 -0.258370
v 0.068860 0.472222 -0.242000
v 0.092120 0.472222 -0.234260
v 0.070760 0.444444 -0.248680
v -0.178490 -0.388889 -0.432400
v -0.088310 -0.388889 -0.458870
v -0.090900 -0.444445 -0.472530
v -0.183830 -0.444445 -0.445290
v -0.167880 -0.277778 -0.406650
v -0.157200 -0.166667 -0.380860
v -0.146600 -0.055556 -0.355110
v -0.135990 0.055555 -0.329360
v -0.125310 0.166667 -0.303570
v -0.114710 0.277778 -0.277820
v -0.051460 0.388889 -0.267490
v -0.104030 0.388889 -0.252040
v -0.071830 0.472222 -0.241130
v -0.047490 0.472222 -0.246960
v -0.048870 0.444444 -0.253790
v -0.073810 0.444444 -0.247800
v -0.096090 0.472222 -0.232730
v -0.098760 0.444444 -0.239140
v -0.316580 -0.277778 -0.307850
v -0.336650 -0.388889 -0.327340
v -0.296520 -0.166667 -0.288350
v -0.276450 -0.055556 -0.268820
v -0.256390 0.055555 -0.249330
v -0.236320 0.166667 -0.229840
v -0.216260 0.277778 -0.210300
v -0.152850 0.388889 -0.226400
v -0.196190 0.388889 -0.190810
v -0.145000 0.444444 -0.214810
v -0.186200 0.444444 -0.181050
v -0.439490 -0.388889 -0.170100
v -0.396690 -0.388889 -0.253030
v -0.408520 -0.444445 -0.260580
v -0.452610 -0.444445 -0.175170
v -0.346640 -0.444445 -0.337100
v -0.413320 -0.277778 -0.159950
v -0.387080 -0.166667 -0.149840
v -0.360910 -0.055556 -0.139690
v -0.334740 0.055555 -0.129550
v -0.308570 0.166667 -0.119400
v -0.282330 0.277778 -0.109290
v -0.231210 0.388889 -0.147480
v -0.256160 0.388889 -0.099140
v -0.198400 0.472222 -0.156940
v -0.181160 0.472222 -0.176160
v -0.203900 0.444444 -0.161290
v -0.213510 0.472222 -0.136180
v -0.219380 0.444444 -0.139960
v -0.243110 0.444444 -0.094070
v -0.464210 -0.388889 -0.084080
v -0.478020 -0.444445 -0.086590
v -0.270580 0.388889 -0.049020
v -0.252950 0.472222 -0.022350
v -0.249820 0.472222 -0.045240
v -0.256770 0.444444 -0.046500
v -0.259970 0.444444 -0.022960
v -0.244410 0.472222 -0.068440
v -0.236550 0.472222 -0.091550
v -0.251120 0.444444 -0.070300
v -0.499990 -0.500000 0.000000
v -0.462150 -0.500000 0.188870
v -0.349310 -0.500000 0.354160
v -0.181390 -0.500000 0.461240
v -0.000040 -0.500000 0.494960
v 0.189170 -0.500000 0.458180
v 0.356710 -0.500000 0.346870
v 0.465660 -0.500000 0.180240
v 0.499990 -0.500000 0.000000
v -0.246930 0.500000 0.000000
v -0.228230 0.500000 0.093270
v -0.172540 0.500000 0.174900
v -0.089610 0.500000 0.227780
v -0.000040 0.500000 0.244450
v 0.093420 0.500000 0.226290
v 0.176120 0.500000 0.171320
v 0.229990 0.500000 0.089000
v 0.246930 0.500000 0.000000
v 0.462150 -0.500000 -0.188870
v 0.349310 -0.500000 -0.354160
v 0.181390 -0.500000 -0.461240
v -0.000040 -0.500000 -0.494960
v -0.189170 -0.500000 -0.458180
v -0.356710 -0.500000 -0.346870
v -0.465660 -0.500000 -0.180240
v 0.228230 0.500000 -0.093270
v 0.172540 0.500000 -0.174900
v 0.089610 0.500000 -0.227780
v -0.000040 0.500000 -0.244450
v -0.093420 0.500000 -0.226290
v -0.176120 0.500000 -0.171320
v -0.229990 0.500000 -0.089000
f 2 4 1
f 5 3 2
f 2 1 7
f 8 5 2
f 7 8 2
f 10 7 9
f 12 9 11
f 14 11 13
f 16 13 15
f 18 15 17
f 19 20 18
f 17 21 19
f 18 17 19
f 23 25 22
f 22 27 26
f 28 30 31
f 28 24 23
f 31 30 20
f 19 24 31
f 20 19 31
f 25 24 19
f 21 27 25
f 19 21 25
f 7 33 32
f 9 32 34
f 11 34 35
f 13 35 36
f 15 36 37
f 17 37 38
f 39 21 17
f 38 40 39
f 17 38 39
f 27 39 41
f 41 40 42
f 44 46 43
f 33 45 44
f 44 43 48
f 32 33 44
f 48 32 44
f 34 48 49
f 35 49 50
f 36 50 51
f 37 51 52
f 38 52 53
f 54 40 38
f 53 55 54
f 38 53 54
f 57 58 56
f 56 60 59
f 58 42 40
f 54 60 58
f 40 54 58
f 60 55 61
f 62 64 65
f 43 64 63
f 63 62 66
f 48 43 63
f 66 48 63
f 49 66 67
f 50 67 68
f 51 68 69
f 52 69 70
f 53 70 71
f 72 55 53
f 71 73 72
f 53 71 72
f 75 77 74
f 74 79 78
f 81 82 80
f 75 82 76
f 82 61 55
f 72 76 82
f 55 72 82
f 77 76 72
f 73 79 77
f 72 73 77
f 83 85 86
f 84 65 85
f 84 83 87
f 66 62 84
f 87 66 84
f 88 66 87
f 89 67 88
f 90 68 89
f 91 69 90
f 92 70 91
f 93 73 71
f 92 94 93
f 71 92 93
f 95 97 98
f 99 98 100
f 79 93 97
f 98 97 93
f 94 100 98
f 93 94 98
f 101 83 102
f 103 87 101
f 104 88 103
f 105 89 104
f 106 90 105
f 107 91 106
f 108 94 92
f 107 109 108
f 92 107 108
f 110 94 108
f 111 108 109
f 112 114 115
f 113 116 114
f 113 112 117
f 101 102 113
f 117 101 113
f 118 101 117
f 119 103 118
f 120 104 119
f 121 105 120
f 122 106 121
f 123 109 107
f 122 124 123
f 107 122 123
f 125 111 127
f 128 127 129
f 127 111 109
f 123 129 127
f 109 123 127
f 130 123 124
f 131 133 134
f 132 115 133
f 132 131 135
f 117 112 132
f 135 117 132
f 136 117 135
f 137 118 136
f 138 119 137
f 139 120 138
f 140 121 139
f 141 124 122
f 140 142 141
f 122 140 141
f 143 145 146
f 147 146 148
f 149 130 151
f 144 151 145
f 151 130 124
f 141 145 151
f 124 141 151
f 146 145 141
f 142 148 146
f 141 142 146
f 153 155 152
f 131 154 153
f 153 152 156
f 135 131 153
f 156 135 153
f 136 156 157
f 137 157 158
f 138 158 159
f 139 159 160
f 140 160 161
f 162 142 140
f 161 163 162
f 140 161 162
f 165 167 164
f 164 169 168
f 148 162 166
f 167 166 162
f 163 169 167
f 162 163 167
f 156 171 170
f 157 170 172
f 158 172 173
f 159 173 174
f 160 174 175
f 161 175 176
f 177 163 161
f 176 178 177
f 161 176 177
f 169 177 179
f 179 178 180
f 182 184 181
f 171 183 182
f 182 181 186
f 170 171 182
f 186 170 182
f 172 186 187
f 173 187 188
f 174 188 189
f 175 189 190
f 176 190 191
f 192 178 176
f 191 193 192
f 176 191 192
f 195 196 194
f 194 198 197
f 196 180 178
f 192 198 196
f 178 192 196
f 198 193 199
f 201 203 200
f 181 202 201
f 201 200 204
f 186 181 201
f 204 186 201
f 187 204 205
f 188 205 206
f 189 206 207
f 190 207 208
f 209 190 208
f 210 193 191
f 209 211 210
f 191 209 210
f 212 214 215
f 216 215 217
f 219 220 218
f 213 220 214
f 220 199 193
f 210 214 220
f 193 210 220
f 215 214 210
f 211 217 215
f 210 211 215
f 222 224 221
f 200 223 222
f 222 221 225
f 204 200 222
f 225 204 222
f 226 204 225
f 227 205 226
f 228 206 227
f 229 207 228
f 230 208 229
f 231 211 209
f 230 232 231
f 209 230 231
f 233 235 236
f 237 236 238
f 217 231 235
f 236 235 231
f 232 238 236
f 231 232 236
f 239 221 240
f 241 225 239
f 242 226 241
f 243 227 242
f 244 228 243
f 245 229 244
f 246 232 230
f 245 247 246
f 230 245 246
f 248 232 246
f 249 246 247
f 250 252 253
f 251 254 252
f 251 250 255
f 239 240 251
f 255 239 251
f 256 239 255
f 257 241 256
f 258 242 257
f 259 243 258
f 260 244 259
f 261 247 245
f 260 262 261
f 245 260 261
f 263 249 265
f 266 265 267
f 265 249 247
f 261 267 265
f 247 261 265
f 268 261 262
f 5 270 6
f 269 253 270
f 269 5 8
f 255 250 269
f 8 255 269
f 10 255 8
f 12 256 10
f 14 257 12
f 16 258 14
f 18 259 16
f 271 262 260
f 18 20 271
f 260 18 271
f 272 274 275
f 29 275 30
f 276 268 278
f 273 278 274
f 278 268 262
f 271 274 278
f 262 271 278
f 275 274 271
f 20 30 275
f 271 20 275
f 3 279 280
f 279 3 6
f 3 280 4
f 45 47 281
f 47 1 4
f 281 4 280
f 45 281 282
f 26 27 41
f 282 46 45
f 61 59 60
f 57 41 42
f 46 282 64
f 65 64 283
f 282 283 64
f 283 85 65
f 284 85 283
f 284 116 86
f 285 286 114
f 287 133 286
f 86 102 83
f 96 79 97
f 286 115 114
f 133 115 286
f 114 116 285
f 134 287 154
f 288 29 28
f 289 23 22
f 288 28 23
f 41 290 289
f 290 41 57
f 290 56 59
f 291 59 81
f 290 57 56
f 289 22 26
f 289 288 23
f 291 290 59
f 26 41 289
f 291 75 292
f 292 74 78
f 96 292 78
f 75 74 292
f 80 75 291
f 80 291 81
f 293 95 99
f 99 100 110
f 293 96 95
f 126 110 111
f 130 128 129
f 293 99 110
f 126 294 110
f 294 125 128
f 294 293 110
f 294 128 295
f 125 294 126
f 295 150 149
f 296 144 143
f 149 144 295
f 128 150 295
f 292 96 293
f 155 298 185
f 297 155 154
f 287 297 154
f 185 298 183
f 299 183 298
f 299 184 183
f 299 202 184
f 300 202 299
f 185 152 155
f 166 147 148
f 199 197 198
f 195 179 180
f 168 169 179
f 223 300 301
f 300 223 203
f 223 301 224
f 252 254 302
f 254 301 302
f 303 252 302
f 303 270 253
f 240 224 254
f 235 216 217
f 279 6 270
f 296 147 165
f 304 164 168
f 304 165 164
f 305 195 194
f 306 197 219
f 306 219 218
f 305 194 197
f 179 195 305
f 179 305 304
f 304 296 165
f 306 305 197
f 168 179 304
f 307 213 212
f 307 216 234
f 308 307 234
f 212 216 307
f 306 213 307
f 213 306 218
f 143 147 296
f 248 308 237
f 308 233 237
f 264 248 249
f 267 277 266
f 309 264 263
f 309 263 266
f 264 309 248
f 308 248 309
f 310 266 277
f 310 309 266
f 310 277 276
f 310 273 288
f 288 272 29
f 273 272 288
f 234 233 308
f 238 248 237
f 285 297 286
f 284 297 285
f 297 284 282
f 297 287 286
f 297 299 298
f 299 297 301
f 282 284 283
f 280 282 281
f 282 280 279
f 301 282 279
f 300 299 301
f 301 303 302
f 301 279 303
f 282 301 297
f 305 295 304
f 308 305 306
f 295 305 309
f 295 296 304
f 295 293 294
f 293 295 291
f 307 308 306
f 291 295 309
f 309 310 288
f 288 289 309
f 292 293 291
f 291 289 290
f 291 309 289
f 309 305 308
f 2 3 4
f 5 6 3
f 10 8 7
f 12 10 9
f 14 12 11
f 16 14 13
f 18 16 15
f 23 24 25
f 22 25 27
f 28 29 30
f 28 31 24
f 7 1 33
f 9 7 32
f 11 9 34
f 13 11 35
f 15 13 36
f 17 15 37
f 27 21 39
f 41 39 40
f 44 45 46
f 33 47 45
f 34 32 48
f 35 34 49
f 36 35 50
f 37 36 51
f 38 37 52
f 57 42 58
f 56 58 60
f 60 54 55
f 62 63 64
f 43 46 64
f 49 48 66
f 50 49 67
f 51 50 68
f 52 51 69
f 53 52 70
f 75 76 77
f 74 77 79
f 81 61 82
f 75 80 82
f 83 84 85
f 84 62 65
f 88 67 66
f 89 68 67
f 90 69 68
f 91 70 69
f 92 71 70
f 95 96 97
f 99 95 98
f 79 73 93
f 101 87 83
f 103 88 87
f 104 89 88
f 105 90 89
f 106 91 90
f 107 92 91
f 110 100 94
f 111 110 108
f 112 113 114
f 113 102 116
f 118 103 101
f 119 104 103
f 120 105 104
f 121 106 105
f 122 107 106
f 125 126 111
f 128 125 127
f 130 129 123
f 131 132 133
f 132 112 115
f 136 118 117
f 137 119 118
f 138 120 119
f 139 121 120
f 140 122 121
f 143 144 145
f 147 143 146
f 149 150 130
f 144 149 151
f 153 154 155
f 131 134 154
f 136 135 156
f 137 136 157
f 138 137 158
f 139 138 159
f 140 139 160
f 165 166 167
f 164 167 169
f 148 142 162
f 156 152 171
f 157 156 170
f 158 157 172
f 159 158 173
f 160 159 174
f 161 160 175
f 169 163 177
f 179 177 178
f 182 183 184
f 171 185 183
f 172 170 186
f 173 172 187
f 174 173 188
f 175 174 189
f 176 175 190
f 195 180 196
f 194 196 198
f 198 192 193
f 201 202 203
f 181 184 202
f 187 186 204
f 188 187 205
f 189 188 206
f 190 189 207
f 209 191 190
f 212 213 214
f 216 212 215
f 219 199 220
f 213 218 220
f 222 223 224
f 200 203 223
f 226 205 204
f 227 206 205
f 228 207 206
f 229 208 207
f 230 209 208
f 233 234 235
f 237 233 236
f 217 211 231
f 239 225 221
f 241 226 225
f 242 227 226
f 243 228 227
f 244 229 228
f 245 230 229
f 248 238 232
f 249 248 246
f 250 251 252
f 251 240 254
f 256 241 239
f 257 242 241
f 258 243 242
f 259 244 243
f 260 245 244
f 263 264 249
f 266 263 265
f 268 267 261
f 5 269 270
f 269 250 253
f 10 256 255
f 12 257 256
f 14 258 257
f 16 259 258
f 18 260 259
f 272 273 274
f 29 272 275
f 276 277 268
f 273 276 278
f 47 33 1
f 281 47 4
f 61 81 59
f 284 86 85
f 284 285 116
f 287 134 133
f 86 116 102
f 96 78 79
f 130 150 128
f 296 295 144
f 155 297 298
f 300 203 202
f 185 171 152
f 166 165 147
f 199 219 197
f 254 224 301
f 303 253 252
f 303 279 270
f 240 221 224
f 235 234 216
f 267 268 277
f 310 276 273
